0.0006044606561773
0.0005238961894065
0.0003976767766289
0.0002511162601877
0.0001212701754412
0.0000397003313992
0.0000016602716642
0.0000109179909487
0.0000496253924211
0.0000975237198872
0.0001378695160383
0.0001619855902391
0.0001637055538595
0.0001413920545019
0.0001074928295566
0.0000694787522661
0.0000341064551321
0.0000105396175059
0.0000009852301446
0.0000036290111893
0.0000145327376231
0.0000302132575598
0.0000429653227911
0.0000507274817210
0.0000512588339916
0.0000388419284718
0.0000303491815430
0.0000171030169440
0.0000091653146228
0.0000032958469092
0.0000006453283277
0.0000018404807633
0.0000050429025578
0.0000087567095761
0.0000121055691125
0.0000141738873936
0.0000134481124405
0.0000103216971183
0.0000077628083091
0.0000055303335103
0.0000022040385375
0.0000006412647053
0.0000001561784302
0.0000005282709026
0.0000019417439034
0.0000027991409297
0.0000037145127862
0.0000041834118747
0.0000032925108826
0.0000024445998861
0.0000035045577533
0.0000026651359804
0.0000015390305634
0.0000007994840416
0.0000009071736713
0.0000009140640032
0.0000010398853192
0.0000015456262190
0.0000015770110622
0.0000018294522306
0.0000016460253391
0.0000012247091945
0.0000012603013602
0.0000014525612642
0.0000009226696420
0.0000006462942110
0.0000005663478078
0.0000006477657735
0.0000007117178029
0.0000011537777027
0.0000013911303540
0.0000014181387087
0.0000012833352230
0.0000010063995433
0.0000016098274500
0.0000010576150089
0.0000006612790457
0.0000005491110642
0.0000003590830602
0.0000007902908692
0.0000011176907719
0.0000015518071450
0.0000023558368412
0.0000012990785763
0.0000009005161701
0.0000011186002666
0.0000007854414434
0.0000006631235010
0.0000006521295290
0.0000004697285476
0.0000005213023542
0.0000006612208381
0.0000005864767445
0.0000004835146683
0.0000005275833246
0.0000004232424544
0.0000003055683919
0.0000003100267350
0.0000002933302312
0.0000003248405847
0.0000002239121386
0.0000002050983312
