0.0006144046783447
0.0005273818969727
0.0004570484161377
0.0004599094390869
0.0004608631134033
0.0004656314849854
0.0004640817642212
0.0004799365997314
0.0004709959030151
0.0004701614379883
0.0004762411117554
0.0004653930664062
0.0004669427871704
0.0004611015319824
0.0004687309265137
0.0004657506942749
0.0004748106002808
0.0004569292068481
0.0004518032073975
0.0004529953002930
0.0004531145095825
0.0004764795303345
0.0004789829254150
0.0004538297653198
0.0004645586013794
0.0004544258117676
0.0004463195800781
0.0004462003707886
0.0004473924636841
0.0004396438598633
0.0004355907440186
0.0004392862319946
0.0004384517669678
0.0004340410232544
0.0004423856735229
0.0004422664642334
0.0004348754882812
0.0004426240921021
0.0004444122314453
0.0004456043243408
0.0004448890686035
0.0004384517669678
0.0004519224166870
0.0004478693008423
0.0004649162292480
0.0004634857177734
0.0004612207412720
0.0004541873931885
0.0004507303237915
0.0004429817199707
0.0004721879959106
0.0004761219024658
0.0004591941833496
0.0004438161849976
0.0004425048828125
0.0004662275314331
0.0004577636718750
0.0004559755325317
0.0004497766494751
0.0004426240921021
0.0004476308822632
0.0004512071609497
0.0004541873931885
0.0004202127456665
0.0004343986511230
0.0004296302795410
0.0004448890686035
0.0004464387893677
0.0004487037658691
0.0004606246948242
0.0004616975784302
0.0004717111587524
0.0004708766937256
0.0004469156265259
0.0004787445068359
0.0004657506942749
0.0004802942276001
0.0004770755767822
0.0004854202270508
0.0004556179046631
0.0004475116729736
0.0004554986953735
0.0004402399063110
0.0004563331604004
0.0004719495773315
0.0004568099975586
0.0004456043243408
0.0004471540451050
0.0004438161849976
0.0004400014877319
0.0004650354385376
0.0004640817642212
0.0004495382308960
0.0004556179046631
0.0004515647888184
0.0004408359527588
0.0004413127899170
0.0004438161849976
0.0004438161849976
0.0004626512527466
0.0004419088363647
0.0004403591156006
