0.0006044606561773
0.0005238961894065
0.0004610390460584
0.0004029829287902
0.0003500600287225
0.0003180057974532
0.0002706899540499
0.0002388097054791
0.0002048807509709
0.0001784907071851
0.0001559881638968
0.0001343940093648
0.0001146771246567
0.0000993793873931
0.0000847341289045
0.0000720166644896
0.0000626796536380
0.0000544096910744
0.0000466322962893
0.0000410131979152
0.0000356142845703
0.0000324117645505
0.0000285264832200
0.0000253421003436
0.0000224854775297
0.0000169927170646
0.0000154345907504
0.0000120256572700
0.0000111147528514
0.0000098542677733
0.0000077626991697
0.0000069142715802
0.0000057060387917
0.0000052360719565
0.0000038457692426
0.0000031483250496
0.0000029588463804
0.0000029390503187
0.0000025223052944
0.0000019081435312
0.0000020082025003
0.0000017889942683
0.0000015064451873
0.0000015354326024
0.0000017573456716
0.0000014088655007
0.0000013080316421
0.0000012934360711
0.0000008626666386
0.0000007846047083
0.0000013806293282
0.0000013084973034
0.0000010119620129
0.0000007098296919
0.0000005257297744
0.0000010400817700
0.0000008112856449
0.0000006861737347
0.0000006707214197
0.0000005171405064
0.0000004253197403
0.0000006170866982
0.0000005656438589
0.0000001745775080
0.0000002005399438
0.0000002815286280
0.0000004352605174
0.0000004424200597
0.0000003864042810
0.0000005229812814
0.0000005545625754
0.0000005288766260
0.0000004653411452
0.0000004278590495
0.0000008420811355
0.0000006642967492
0.0000005717938620
0.0000007045291568
0.0000004165467544
0.0000005600759323
0.0000004100420483
0.0000004995017662
0.0000003430541256
0.0000004957983037
0.0000006200079952
0.0000003257628123
0.0000003454933903
0.0000003069635568
0.0000003356853995
0.0000003157529136
0.0000003106561053
0.0000003678978828
0.0000002945398592
0.0000002175456757
0.0000002468950697
0.0000002732249413
0.0000002463239070
0.0000002319811756
0.0000002288124961
0.0000002224005584
0.0000002165415935
0.0000002037104423
