0.0006144046783447
0.0005273818969727
0.0004570484161377
0.0003573894500732
0.0002129077911377
0.0001089572906494
0.0000382661819458
0.0000083446502686
0.0000122785568237
0.0000572204589844
0.0000807046890259
0.0001182556152344
0.0001591444015503
0.0001614093780518
0.0001580715179443
0.0001600980758667
0.0001140832901001
0.0000880956649780
0.0000641345977783
0.0000281333923340
0.0000075101852417
0.0000029802322388
0.0000169277191162
0.0000227689743042
0.0000256299972534
0.0000238418579102
0.0000221729278564
0.0000225305557251
0.0000225305557251
0.0000197887420654
0.0000202655792236
0.0000199079513550
0.0000197887420654
0.0000196695327759
0.0000203847885132
0.0000207424163818
0.0000085830688477
0.0000048875808716
0.0000061988830566
0.0000076293945312
0.0000047683715820
0.0000045299530029
0.0000087022781372
0.0000075101852417
0.0000100135803223
0.0000100135803223
0.0000101327896118
0.0000102519989014
0.0000070333480835
0.0000102519989014
0.0000120401382446
0.0000119209289551
0.0000104904174805
0.0000120401382446
0.0000092983245850
0.0000101327896118
0.0000104904174805
0.0000094175338745
0.0000091791152954
0.0000082254409790
0.0000087022781372
0.0000091791152954
0.0000102519989014
0.0000060796737671
0.0000052452087402
0.0000069141387939
0.0000083446502686
0.0000075101852417
0.0000071525573730
0.0000081062316895
0.0000084638595581
0.0000091791152954
0.0000092983245850
0.0000079870223999
0.0000090599060059
0.0000077486038208
0.0000101327896118
0.0000090599060059
0.0000095367431641
0.0000081062316895
0.0000078678131104
0.0000089406967163
0.0000075101852417
0.0000088214874268
0.0000091791152954
0.0000095367431641
0.0000073909759521
0.0000084638595581
0.0000082254409790
0.0000072717666626
0.0000106096267700
0.0000115633010864
0.0000027418136597
0.0000021457672119
0.0000028610229492
0.0000035762786865
0.0000026226043701
0.0000022649765015
0.0000022649765015
0.0000025033950806
0.0000022649765015
0.0000016689300537
