0.0006043390603736043
0.0005237826844677329
0.00046095845755189657
0.0004029058327432722
0.00034980764030478895
0.0003176388272549957
0.0002702308993320912
0.00023841962683945894
0.00020435461192391813
0.00017789349658414721
0.00015533693658653647
0.00013383226178120822
0.00011418870417401195
9.898266580421478e-05
8.43270099721849e-05
7.160205132095143e-05
6.2199127569329e-05
5.393457104219124e-05
4.6158060285961255e-05
4.0547045500716195e-05
3.512907278491184e-05
3.196970283170231e-05
2.8063752324669622e-05
2.49351687671151e-05
2.2086065655457787e-05
1.663245893723797e-05
1.5087623978615738e-05
1.1710854778357316e-05
1.08000840555178e-05
9.515094461676199e-06
7.447709322150331e-06
6.57975533613353e-06
5.3912044677417725e-06
4.925876055494882e-06
3.57557200914016e-06
2.9006896511418745e-06
2.7168400720256614e-06
2.6893751510215225e-06
2.2888464172865497e-06
1.6934794757617055e-06
1.7737847883836366e-06
1.5599439393554348e-06
1.303624912907253e-06
1.3261305866762996e-06
1.5213195183605421e-06
1.2005491498712217e-06
1.1097265542048262e-06
1.0993212526955176e-06
7.169774676185625e-07
6.721427325828699e-07
1.189881345453614e-06
1.1248058626733837e-06
8.785970067037852e-07
6.140888899608399e-07
4.698441102846118e-07
9.03290242604271e-07
7.02871375324321e-07
6.031733050804178e-07
5.859554903508979e-07
4.6077909132691275e-07
3.741329805961868e-07
5.346146281226538e-07
5.00489363730594e-07
1.8770899146147713e-07
2.0240088360878872e-07
2.708114266170014e-07
3.998753186351678e-07
3.9259512618627923e-07
3.4411317528793006e-07
4.593542257680383e-07
4.827682005270617e-07
4.524674466210854e-07
3.849322638416197e-07
3.633039398209803e-07
6.952726607778459e-07
5.492304353538202e-07
4.6936571607147926e-07
5.790734576294199e-07
3.442182787694037e-07
4.917787919112016e-07
3.78724337224412e-07
4.7275091219489696e-07
3.808786743775272e-07
4.546920138182031e-07
5.479309379552433e-07
3.1915180898067774e-07
3.277723976680136e-07
3.049578367608774e-07
3.4292139616809436e-07
3.097671310570149e-07
2.875636937460513e-07
3.5731284242501715e-07
2.754382819603052e-07
2.0610522710740042e-07
2.395607339167327e-07
2.807790053793724e-07
2.587398739706259e-07
2.401820893283002e-07
2.3327345388679532e-07
2.214440826264763e-07
2.194433221802683e-07
2.0263068734038825e-07
