0.0006043390603736043
0.0005237826844677329
0.00039764572284184396
0.00025113250012509525
0.00012124233035137877
3.969388853874989e-05
1.6566274325668928e-06
1.0957052836602088e-05
4.964806794305332e-05
9.748621232574806e-05
0.00013773271348327398
0.00016195607895497233
0.00016352806414943188
0.00014109277981333435
0.00010722933075157925
6.925173511262983e-05
3.390335041331127e-05
1.0437991477374453e-05
9.681839401309844e-07
3.6801950500375824e-06
1.4611266124120448e-05
3.0315104595501907e-05
4.302270826883614e-05
5.082305506221019e-05
5.1237995648989454e-05
3.8708243664586917e-05
3.022014061571099e-05
1.6984829926514067e-05
9.047969797393307e-06
3.2210555218625814e-06
6.371577114805405e-07
1.8837594097931287e-06
5.1070314839307684e-06
8.805956895230338e-06
1.2153670468251221e-05
1.4215444934961852e-05
1.3411006875685416e-05
1.0204656973655801e-05
7.620583346579224e-06
5.3932631089992356e-06
2.1134580947546056e-06
5.899169650547265e-07
1.4752542654150602e-07
5.628716621686181e-07
1.9963204067607876e-06
2.8527051654236857e-06
3.7522008824453223e-06
4.201910542178666e-06
3.279458269389579e-06
2.402381596766645e-06
3.3971903121710056e-06
2.544094513723394e-06
1.4606379181714146e-06
7.787801337144629e-07
9.361328920931555e-07
9.189332672576711e-07
1.0664964520401554e-06
1.5783111848577391e-06
1.5971835409800406e-06
1.8368699556958745e-06
1.6175226846826263e-06
1.1855860293508158e-06
1.1953334251302294e-06
1.3453951623887406e-06
8.417592880505254e-07
5.900513997403323e-07
5.605919000117865e-07
6.852375236121588e-07
7.502963512706629e-07
1.2048512871842831e-06
1.4279213473855634e-06
1.4233725096346461e-06
1.2542569720608299e-06
9.538362064631656e-07
1.4812502513450454e-06
9.583544624547358e-07
5.887841894036683e-07
4.843483338845544e-07
3.7087727378093405e-07
8.278272503048356e-07
1.1765802128138603e-06
1.6010030776669737e-06
2.3874188173067523e-06
1.2932787285535596e-06
8.792462722340133e-07
1.0617394536893698e-06
7.213989761112316e-07
5.895976187275664e-07
5.820028263769927e-07
4.5129252157494193e-07
5.625037715617509e-07
6.908645104886091e-07
6.460733175117639e-07
5.368709707909147e-07
5.512216603165143e-07
4.2084417373189353e-07
2.9220137776064803e-07
2.824549198976456e-07
2.6409978204355866e-07
2.943529864296579e-07
2.1947148809431383e-07
2.0267208356017363e-07
